-5 -5 5 -5 0
-5 -5 -5 10 0
-5 10 -40 10 0
-40 10 -40 60 0
-40 60 -10 60 0
-10 60 -10 50 0
5 -5 5 10 0
5 10 40 10 0
40 10 40 60 0
40 60 0 60 0
-30 50 30 50 0
10 50 10 35 0
-15 -16 -30 16 0
-30 16 -30 40 0
-30 40 -5 40 0
-5 40 -5 35 0
-15 30 -15 25 0
-15 25 20 25 0
20 25 20 35 0
20 35 40 35 0
35 35 35 15 0
35 15 5 15 0
-10 60 -10 100 0
-50 100 -10 100 0
-50 100 -50 190 0
-50 100 -50 190 0
-10 190 -50 190 0
-10 190 -10 220 0
0 60 0 100 0
40 100 0 100 0
40 100 40 190 0
0 190 40 190 0
0 190 0 220 0
60 220 0 220 0
60 220 60 330 0
50 330 60 330 0
50 330 50 300 0
-70 300 50 300 0
-70 300 -70 220 0
-70 300 -10 220 0
-60 260 -60 300 0
60 290 20 290 0
20 260 20 290 0
20 260 -30 260 0
50 280 50 230 0
0 230 50 230 0
10 240 10 230 0
10 240 40 240 0
40 280 40 240 0
30 250 0 259 0
30 250 30 280 0
10 280 10 300 0
-10 270 10 270 0
-10 270 -10 280 0
-20 290 -20 300 0
-20 290 0 290 0
0 280 0 290 0
-10 230 -40 230 0
-40 260 -40 230 0
-40 260 -50 260 0
-30 240 0 240 0
-10 250 -40 250 0
-60 240 -60 220 0
-60 240 -50 240 0
-50 230 -50 250 0
-60 250 -50 250 0
-50 280 -50 270 0
-40 280 -40 270 0
-50 290 -30 290 0
-30 290 -30 270 0
-30 270 -20 270 0
-20 280 -20 270 0